1.3997e+05,20736,1296,-2592,0,0,0,0,0,0,0,0,0,0,0,0,0,0,0,0,0,0
20736,20736,-11664,0,0,0,0,0,0,0,0,0,0,0,0,0,0,0,0,0,0,0
1296,-11664,20736,-11664,1296,0,0,0,0,0,0,0,0,0,0,0,0,0,0,0,0,0
-2592,0,-11664,20736,0,0,0,0,0,0,0,0,0,0,0,0,0,0,0,0,0,0
0,0,1296,0,10368,0,0,0,0,0,0,0,0,0,0,0,0,0,0,0,0,0
0,0,0,0,0,0,0,0,0,0,0,0,0,0,0,0,0,0,0,0,0,0
0,0,0,0,0,0,0,0,0,0,0,0,0,0,0,0,0,0,0,0,0,0
0,0,0,0,0,0,0,0,0,0,0,0,0,0,0,0,0,0,0,0,0,0
0,0,0,0,0,0,0,0,0,0,0,0,0,0,0,0,0,0,0,0,0,0
0,0,0,0,0,0,0,0,0,0,0,0,0,0,0,0,0,0,0,0,0,0
0,0,0,0,0,0,0,0,0,0,0,0,0,0,0,0,0,0,0,0,0,0
0,0,0,0,0,0,0,0,0,0,0,0,0,0,0,0,0,0,0,0,0,0
0,0,0,0,0,0,0,0,0,0,0,0,0,0,0,0,0,0,0,0,0,0
0,0,0,0,0,0,0,0,0,0,0,0,0,0,0,0,0,0,0,0,0,0
0,0,0,0,0,0,0,0,0,0,0,0,0,0,0,0,0,0,0,0,0,0
0,0,0,0,0,0,0,0,0,0,0,0,0,0,0,10368,0,1296,0,0,0,0
0,0,0,0,0,0,0,0,0,0,0,0,0,0,0,0,20736,-11664,0,1296,0,0
0,0,0,0,0,0,0,0,0,0,0,0,0,0,0,1296,-11664,20736,-11664,0,1296,0
0,0,0,0,0,0,0,0,0,0,0,0,0,0,0,0,0,-11664,20736,-11664,0,1296
0,0,0,0,0,0,0,0,0,0,0,0,0,0,0,0,1296,0,-11664,18144,-7776,0
0,0,0,0,0,0,0,0,0,0,0,0,0,0,0,0,0,1296,0,-7776,10368,-3888
0,0,0,0,0,0,0,0,0,0,0,0,0,0,0,0,0,0,1296,0,-3888,2592
